21
7
1 20 5
0 0 9 GetBetterJohn
10 10 12 
0 0 0
0 1 0
0 2 0
0 3 0
0 4 0
0 5 0
0 6 0
1 0 0
1 1 5 3
1 3 0
1 4 5 3
1 6 0
2 0 0
2 3 0
2 6 0
3 0 0
3 3 0
3 5 3 0 1000
3 6 0
4 0 0
4 1 7 10 3
4 2 3 2 1000 7 10 3
4 3 0
4 6 0
5 0 0
5 1 8 1 1 1
5 3 2
5 6 0
6 0 0
6 3 0
6 6 0
7 0 0
7 3 0
7 6 0
8 0 0
8 1 6 0.5 2 1 1 1 1 3 0 3 3 3
8 3 0
8 6 0
9 0 0
9 1 0
9 3 0
9 6 0
10 0 0
10 3 4 2 1 0.5 0 0
10 4 4 2 1 0.5 0 0
10 6 0
11 3 2
11 4 2
11 5 2
11 6 0
12 0 7 10 3
12 1 2
12 6 0
13 0 7 10 3
13 1 2
13 3 2
13 5 2
13 6 0
14 0 7 10 3
14 5 2
14 6 0
15 0 7 10 3
15 1 2
15 3 2
15 5 2
15 6 0
16 0 7 10 3
16 1 8 1 5 1
16 6 0
17 0 7 10 3
17 2 2
17 3 2
17 4 2
17 5 2
17 6 0
18 0 0
18 1 6 0 2 1 1 5 1 3 2 3 3 3
18 6 0
19 0 0
19 1 0
19 2 0
19 3 0
19 4 0
19 6 0
20 0 0
20 1 0
20 2 0
20 3 0
20 4 0
20 6 0
