10
10
0 0 1 9 0
0 0 9 Audio File
10 10 12 Text File
0 0 7 10 3
0 1 7 10 3
0 2 7 10 3
0 3 7 10 3
0 4 7 10 3
0 5 7 10 3
0 6 7 10 3
0 7 7 10 3
0 8 7 10 3
0 9 7 10 3
1 0 7 10 3
1 1 6 0.5 2 1 10 5 1 0 0 3 0 1
1 4 3 0 1000
1 9 7 10 3
2 0 7 10 3
2 2 7 10 3
2 3 7 10 3
2 4 7 10 3
2 5 7 10 3
2 6 7 10 3
2 7 7 10 3
2 9 7 10 3
3 0 7 10 3
3 2 7 10 3
3 3 2
3 6 2
3 7 7 10 3
3 9 7 10 3
4 0 7 10 3
4 2 7 10 3
4 5 3 0 1000
4 7 7 10 3
4 9 7 10 3
5 0 7 10 3
5 2 7 10 3
5 5 3 2 1000
5 7 7 10 3
5 9 7 10 3
6 0 7 10 3
6 1 5 2
6 2 7 10 3
6 3 2
6 5 5 2
6 6 2
6 7 7 10 3
6 9 7 10 3
7 0 7 10 3
7 2 7 10 3
7 3 7 10 3
7 4 7 10 3
7 5 7 10 3
7 6 2 7 10 3
7 7 7 10 3
7 9 7 10 3
8 0 7 10 3
8 1 8 1 1 1
8 9 7 10 3
9 0 7 10 3
9 1 7 10 3
9 2 7 10 3
9 3 7 10 3
9 4 7 10 3
9 5 7 10 3
9 6 7 10 3
9 7 7 10 3
9 8 7 10 3
9 9 7 10 3
