12
12
1 2 9
0 0 9 BrightStars
0 0 0
0 1 0
0 2 0
0 3 0
0 4 0
0 5 0
0 6 0
0 7 0
0 8 0
0 9 0
0 10 0
0 11 0
1 0 0
1 1 6 0 0.3 1 2 6 0 0 2 3 0 3
1 5 6 0 0.3 1 2 10 0 1 0 3 1 3
1 6 6 0 0.3 1 2 10 0 1 0 3 1 3
1 7 6 0 0.3 1 2 10 0 1 0 3 1 3
1 8 0
1 9 6 0 1 1 2 3 1 1 1 3 1 3
1 10 6 0 1 1 2 3 1 1 1 3 1 3
1 11 0
2 0 0
2 8 0
2 11 0
3 0 0
3 1 6 0 0.3 1 2 6 0 0 0 3 0 3
3 7 6 0 0.3 1 2 6 0 2 2 3 2 3
3 8 0
3 11 0
4 0 0
4 4 0
4 5 6 0 0.3 1 2 10 0 1 2 3 1 3
4 7 6 0 0.3 1 2 10 0 1 2 3 1 3
4 8 0
4 11 0
5 0 0
5 4 0
5 8 0
5 9 3 1 Infinity
5 10 3 1 Infinity
5 11 0
6 0 0
6 4 0
6 8 0
6 11 0
7 0 0
7 2 5 4
7 4 0
7 5 6 0 0.3 1 2 10 0 0 2 3 0 3
7 11 0
8 0 0
8 1 3 2 Infinity
8 2 3 0 Infinity
8 3 3 0 Infinity
8 4 0
8 11 0
9 0 0
9 1 3 0 Infinity
9 2 3 2 Infinity
9 3 3 2 Infinity
9 4 0
9 11 0
10 0 0
10 1 3 2 Infinity
10 2 3 0 Infinity
10 3 3 0 Infinity
10 4 0
10 5 6 0 0.3 1 2 10 0 0 2 3 0 3
10 9 6 0 0.3 1 2 5 0 3 0 3 3 3
10 10 6 0 0.3 1 2 5 0 3 0 3 3 3
10 11 0
11 0 0
11 1 0
11 2 0
11 3 0
11 4 0
11 5 0
11 6 0
11 7 0
11 8 0
11 9 0
11 10 0
11 11 0
