11
15
0 0 0 10 0 3
0 1 0 10 0 3
0 2 0 10 0 3
0 3 0 10 0 3
0 4 0 10 0 3
0 5 0 10 0 3
0 6 0 10 0 3
0 7 0 10 0 3
0 8 0 10 0 3
0 9 0 10 0 3
0 10 0 10 0 3
0 11 0 10 0 3
0 12 0 10 0 3
0 13 0 10 0 3
0 14 0 10 0 3
1 0 0 10 0 3
1 1 0 10 0 3
1 2 0 10 0 3
1 3 0 10 0 3
1 11 0 10 0 3
1 12 0 10 0 3
1 13 0 10 0 3
1 14 0 10 0 3
2 0 0 10 0 3
2 1 0 10 0 3
2 2 0 10 0 3
2 3 0 10 0 3
2 11 0 10 0 3
2 12 0 10 0 3
2 13 0 10 0 3
2 14 0 10 0 3
3 0 0 10 0 3
3 1 0 10 0 3
3 2 0 10 0 3
3 3 0 10 0 3
3 11 0 10 0 3
3 12 0 10 0 3
3 13 0 10 0 3
3 14 0 10 0 3
4 0 0 10 0 3
4 3 0 10 0 3
4 11 0 10 0 3
4 12 0 10 0 3
4 13 0 10 0 3
4 14 0 10 0 3
5 0 0 10 0 3
5 14 0 10 0 3
6 0 0 10 0 3
6 4 0 10 0 3
6 5 0 10 0 3
6 6 0 10 0 3
6 7 0 10 0 3
6 8 0 10 0 3
6 9 0 10 0 3
6 14 0 10 0 3
7 0 0 10 0 3
7 1 0 10 0 3
7 2 0 10 0 3
7 3 0 10 0 3
7 14 0 10 0 3
8 0 0 10 0 3
8 1 0 10 0 3
8 2 0 10 0 3
8 3 0 10 0 3
8 12 0 10 0 3
8 13 0 10 0 3
8 14 0 10 0 3
9 0 0 10 0 3
9 1 0 10 0 3
9 2 0 10 0 3
9 3 0 10 0 3
9 12 0 10 0 3
9 13 0 10 0 3
9 14 0 10 0 3
10 0 0 10 0 3
10 1 0 10 0 3
10 2 0 10 0 3
10 3 0 10 0 3
10 4 0 10 0 3
10 5 0 10 0 3
10 6 0 10 0 3
10 7 0 10 0 3
10 8 0 10 0 3
10 9 0 10 0 3
10 10 0 10 0 3
10 11 0 10 0 3
10 12 0 10 0 3
10 13 0 10 0 3
10 14 0 10 0 3
