9
9
0 2 
0 0 0 3
0 1 0 3
0 2 0 3
0 3 0 3
0 4 0 3
0 5 0 3
0 6 0 3
0 7 0 3
0 8 0 3
1 0 0 3
1 1 3 0 100
1 4 5 1
1 5 3 2 100
1 7 3 0 100
1 8 0 3
2 0 0 3
2 1 6 0 1 10 6 1 0 0 0 3
2 7 6 0 1 10 6 1 2 0 2 3
2 8 0 3
3 0 0 3
3 1 6 0 1 10 6 1 0 0 0 3
3 7 6 0 1 10 6 1 2 0 2 3
3 8 0 3
4 0 0 3
4 1 6 0 1 10 6 1 0 0 0 3
4 7 6 0 1 10 6 1 2 0 2 3
4 8 0 3
5 0 0 3
5 1 6 0 1 10 6 1 0 0 0 3
5 7 6 0 1 10 6 1 2 0 2 3
5 8 0 3
6 0 0 3
6 1 6 0 1 10 6 1 0 0 0 3
6 7 6 0 1 10 6 1 2 0 2 3
6 8 0 3
7 0 0 3
7 1 3 0 100
7 2 3 0 100
7 3 3 0 100
7 4 3 0 100
7 5 3 0 100
7 6 3 0 100
7 7 3 0 100
7 8 0 3
8 0 0 3
8 1 0 3
8 2 0 3
8 3 0 3
8 4 0 3
8 5 0 3
8 6 0 3
8 7 0 3
8 8 0 3
