9
9
1 4 0
0 0 0 3
0 1 0 3
0 2 0 3
0 3 0 3
0 4 0 3
0 5 0 3
0 6 0 3
0 7 0 3
0 8 0 3
1 0 0 3
1 1 0 3
1 2 0 3
1 3 0 3
1 4 0 3
1 5 0 3
1 6 0 3
1 7 0 3
1 8 0 3
2 0 0 3
2 1 0 3
2 6 3 2 100
2 7 0 3
2 8 0 3
3 0 0 3
3 1 0 3
3 6 6 0.5 1 10 3 2 2 0 2 2
3 7 0 3
3 8 0 3
4 1 7 10 3
4 2 3 1 100
4 7 0 3
4 8 0 3
5 0 0 3
5 1 0 3
5 6 6 0.5 1 10 3 2 2 2 2 2
5 7 0 3
5 8 0 3
6 0 0 3
6 1 0 3
6 6 3 0 100
6 7 0 3
6 8 0 3
7 0 0 3
7 1 0 3
7 2 0 3
7 3 0 3
7 4 0 3
7 5 0 3
7 6 0 3
7 7 0 3
7 8 0 3
8 0 0 3
8 1 0 3
8 2 0 3
8 3 0 3
8 4 0 3
8 5 0 3
8 6 0 3
8 7 0 3
8 8 0 3
