25
25
1 0 0
0 0 9 Audio File
0 10 0
0 12 0
1 10 0
1 12 0
2 10 0
2 12 0
3 10 0
3 12 0
4 0 0
4 10 0
4 12 0
5 10 0
5 12 0
6 10 0
6 12 0
7 10 0
7 12 0
8 10 0
8 12 0
8 15 3 0 10
9 0 0
9 5 0
9 7 3 0 10
9 10 0
9 12 0
9 14 3 1 10
9 15 0
9 20 0
10 8 3 2 10
10 10 0
10 12 0
10 14 3 1 10
11 9 5 10
11 10 0
11 12 0
11 13 5 10
11 15 3 2 10
12 9 0
12 10 0
12 12 0
12 13 0
13 0 0
13 1 0
13 2 0
13 3 0
13 4 0
13 5 0
13 6 0
13 7 0
13 8 0
13 9 0
13 10 2
13 12 3 1 10
13 13 0
13 14 0
13 15 0
13 16 0
13 17 0
13 18 0
13 19 0
13 20 0
13 21 0
13 22 0
13 23 0
13 24 0
14 10 7 10 3
14 11 5 10
14 12 7 10 3
15 0 0
15 1 0
15 2 0
15 3 0
15 4 0
15 5 0
15 6 0
15 7 0
15 8 0
15 9 0
15 10 3 2 10
15 11 7 10 3
15 12 3 0 10
15 13 0
15 14 0
15 15 0
15 16 0
15 17 0
15 18 0
15 19 0
15 20 0
15 21 0
15 22 0
15 23 0
15 24 0
16 9 0
16 10 0
16 12 0
16 13 0
17 10 0
17 12 0
18 10 0
18 12 0
19 0 0
19 5 0
19 10 0
19 12 0
19 15 0
19 20 0
20 10 0
20 12 0
21 10 0
21 12 0
22 10 0
22 12 0
23 10 0
23 12 0
24 0 0
24 10 0
24 12 0
