9
8
0 0 0 10 0 3
0 1 0 10 0 3
0 2 0 10 0 3
0 3 0 10 0 3
0 4 0 10 0 3
0 5 0 10 0 3
0 6 0 10 0 3
0 7 0 10 0 3
1 0 0 10 0 3
1 7 0 10 0 3
2 0 0 10 0 3
2 3 3 1 0
2 4 5 5
2 5 0 10 0 3
2 7 0 10 0 3
3 0 0 10 0 3
3 3 0 10 0 3
3 4 0 10 0 3
3 5 0 10 0 3
3 7 0 10 0 3
4 0 0 10 0 3
4 1 6 0.5 1 10 3 3 0 0 0 0
4 7 0 10 0 3
5 0 0 10 0 3
5 3 0 10 0 3
5 4 0 10 0 3
5 5 0 10 0 3
5 7 0 10 0 3
6 0 0 10 0 3
6 4 3 0 0
6 5 0 10 0 3
6 7 0 10 0 3
7 0 0 10 0 3
7 6 6 0 1 10 3 3 3 1 3 0
7 7 0 10 0 3
8 0 0 10 0 3
8 1 0 10 0 3
8 2 0 10 0 3
8 3 0 10 0 3
8 4 0 10 0 3
8 5 0 10 0 3
8 6 0 10 0 3
8 7 0 10 0 3
