15
15
0 2
0 0 0
0 1 0
0 2 0
0 3 0
0 4 0
0 5 0
0 6 0
0 7 3 1 10 7 1 3
0 8 0
0 9 0
0 10 0
0 11 0
0 12 0
0 13 0
0 14 0
1 0 0
1 1 0
1 2 0
1 3 0
1 4 0
1 5 0
1 6 0
1 7 3 1 10 7 1 3
1 8 0
1 9 0
1 10 0
1 11 0
1 12 0
1 13 0
1 14 0
2 0 0
2 13 6 0.5 1 1 4 2 2 2 2 3 2 3
2 14 0
3 0 0
3 3 3 2 Infinity
3 12 6 0.5 1 1 4 2 2 2 2 3 2 3
3 13 6 0.5 1 1 4 2 2 2 2 3 2 3
3 14 0
4 0 0
4 3 5 15
4 12 6 0.5 1 1 4 2 2 2 2 3 2 3
4 13 6 0.5 1 1 4 2 2 2 2 3 2 3
4 14 0
5 0 0
5 3 3 2 Infinity
5 12 6 0.5 1 1 4 2 2 2 2 3 2 3
5 13 6 0.5 1 1 4 2 2 2 2 3 2 3
5 14 0
6 0 0
6 13 6 0.5 1 1 4 2 2 2 2 3 2 3
6 14 0
7 0 0
7 1 0
7 2 0
7 3 0
7 4 0
7 5 0
7 6 0
7 7 7 1 3
7 8 0
7 9 0
7 10 0
7 11 0
7 12 0
7 13 0
7 14 0
8 0 0
8 1 6 0.5 1 1 4 2 2 0 1 3 0 3
8 14 0
9 0 0
9 1 6 0.5 1 1 4 2 2 0 1 3 0 3
9 2 6 0.5 1 1 4 2 2 0 1 3 0 3
9 11 3 1 Infinity
9 14 0
10 0 0
10 1 6 0.5 1 1 4 2 2 0 1 3 0 3
10 2 6 0.5 1 1 4 2 2 0 1 3 0 3
10 14 0
11 0 0
11 1 6 0.5 1 1 4 2 2 0 1 3 0 3
11 2 6 0.5 1 1 4 2 2 0 1 3 0 3
11 11 3 1 Infinity
11 14 0
12 0 0
12 1 6 0.5 1 1 4 2 2 0 1 3 0 3
12 14 0
13 0 0
13 1 0
13 2 0
13 3 0
13 4 0
13 5 0
13 6 0
13 7 3 2 10 7 1 3
13 8 0
13 9 0
13 10 0
13 11 0
13 12 0
13 13 0
13 14 0
14 0 0
14 1 0
14 2 0
14 3 0
14 4 0
14 5 0
14 6 0
14 7 3 2 10 7 1 3
14 8 0
14 9 0
14 10 0
14 11 0
14 12 0
14 13 0
14 14 0
