12
15
0 2 1 1 14
0 0 9 
0 0 0
0 1 0
0 2 0
0 3 0
0 4 0
0 5 0
0 6 0
0 7 0
0 8 0
0 9 0
0 10 0
0 11 0
0 12 0
0 13 0
0 14 0
1 0 0
1 1 5 3
1 3 0
1 4 6 0.5 2 1 10 1 1 1 0 3 1 3
1 6 3 0 Infinity
1 7 7 1 3
1 8 6 0.5 2 1 10 1 1 1 2 3 1 3
1 10 0
1 14 7 1 3
2 0 0
2 3 0
2 7 0
2 10 0
2 13 3 1 Infinity
2 14 0
3 0 0
3 3 0
3 7 0
3 10 0
3 14 0
4 0 0
4 3 0
4 7 0
4 10 0
4 14 0
5 0 0
5 3 0
5 7 0
5 10 0
5 14 0
6 0 0
6 3 0
6 7 0
6 10 0
6 11 6 0.5 1 1 10 1 1 3 1 3 3 2
6 13 6 0.5 1 1 10 1 1 1 1 3 1 2
6 14 0
7 0 0
7 3 0
7 7 0
7 10 0
7 14 0
8 0 0
8 3 0
8 7 0
8 10 0
8 14 0
9 0 0
9 3 0
9 7 0
9 10 0
9 14 0
10 0 0
10 2 3 0 Infinity
10 3 7 1 3
10 6 6 0.5 2 1 10 1 1 3 0 3 3 3
10 7 0
10 8 3 2 Infinity
10 9 6 0.5 2 1 10 1 1 3 2 3 3 3
10 10 7 1 3
10 12 6 0.5 1 1 10 1 1 2 1 3 2 2
10 14 0
11 0 0
11 1 0
11 2 0
11 3 0
11 4 0
11 5 0
11 6 0
11 7 0
11 8 0
11 9 0
11 10 0
11 11 0
11 12 0
11 13 0
11 14 0
