50
5
1 44 2
0 0 9 Audio File
10 10 12 Text File
0 0 0
0 1 0
0 2 0
0 3 0
0 4 0
1 0 5 2
1 1 0
1 2 5 2
1 4 5 2
2 1 0
2 3 0
3 1 0
3 3 0
4 1 0
4 3 0
5 1 0
6 1 0
6 3 0
7 1 0
7 3 0
8 1 0
8 3 0
9 1 0
9 3 0
10 3 0
11 1 0
11 3 0
12 1 0
12 3 0
13 1 0
13 3 0
14 1 0
14 3 0
15 1 0
15 3 0
16 1 0
17 1 0
17 3 0
18 1 0
18 3 0
19 1 0
19 3 0
20 1 0
20 3 0
21 1 0
21 3 0
22 3 0
23 1 0
23 3 0
23 4 0
24 1 0
24 3 0
25 1 0
25 3 0
26 1 0
26 3 0
27 1 0
28 1 0
28 3 0
29 1 0
29 3 0
30 1 0
30 3 0
31 0 0
31 1 0
31 3 0
32 1 0
32 3 0
33 1 0
33 3 0
34 1 0
34 3 0
35 1 0
35 3 0
36 1 0
36 3 0
38 1 0
38 3 0
40 1 0
40 3 0
42 1 0
42 3 0
42 4 10 10 8 3 0.5 1 10 2 1 1 1 1 1 2 3 3
43 1 0
43 2 0
43 3 0
43 4 0
44 1 0
44 3 0
44 4 10 10 8 3 0.5 1 10 2 1 1 0 1 2 2 3 1
45 1 0
45 3 0
46 3 0
47 2 0
47 3 0
49 0 0
49 1 0
49 2 0
49 3 0
49 4 0
