40
40
1 30 5
0 0 9 Audio File
0 0 0
0 1 0
0 2 0
0 3 0
0 4 0
0 5 0
0 6 0
0 7 0
0 8 0
0 9 0
0 10 0
0 11 0
0 12 0
0 13 0
0 14 0
0 15 0
0 16 0
0 17 0
1 0 0
1 1 5 10
1 15 0
1 16 3 0 0
1 17 0
1 18 0
2 0 0
2 2 0
2 3 0
2 4 0
2 6 0
2 7 0
2 8 0
2 10 0
2 11 0
2 13 0
2 15 0
2 16 6 0.5 2 1 10 1 1 1 1 3 1 3
<<<<<<< HEAD
2 17 10 5 0.5 2 0.5 1 10 1 1 0 1 0 1 2 1 0
=======
2 17 10 10 0.5 3 0.5 1 10 1 1 1 0 1 3 2 3 1
>>>>>>> 4f32ef13e3c2f9cf0da3498b37c05de3cd979c9e
2 18 0
3 0 0
3 2 0
3 3 0
3 4 0
3 6 0
3 7 0
3 8 0
3 10 0
3 11 0
3 13 0
3 15 0
3 18 0
4 0 0
4 2 0
4 3 0
4 4 0
4 6 0
4 7 0
4 8 0
4 10 0
4 11 0
4 13 0
4 15 0
4 18 0
5 0 0
5 6 0
5 7 3 0 0
5 12 3 1 0
5 15 0
5 18 0
5 19 0
6 0 0
6 2 0
6 3 0
6 4 0
6 6 0
6 7 0
6 8 0
6 10 0
6 11 0
6 13 0
6 15 0
6 18 0
6 19 0
7 0 0
7 2 0
7 3 0
7 4 0
7 6 0
7 7 0
7 8 0
7 10 0
7 11 0
7 13 0
7 15 0
7 18 0
7 19 0
8 0 0
8 2 0
8 3 0
8 4 0
8 6 0
8 7 0
8 8 0
8 10 0
8 11 0
8 13 0
8 15 0
8 18 3 1 0
8 19 0
9 0 0
9 1 7 10 3
9 2 0
9 3 0
9 4 0
9 6 2
9 7 2
9 8 2
9 15 0
9 19 0
10 0 0
10 4 0
10 15 0
10 18 6 0.5 2 1 10 1 1 3 0 3 3 1
10 19 0
10 20 0
11 0 0
11 18 6 0.5 2 1 10 1 1 2 2 3 2 3
11 19 10 5 0.5 2 0.5 1 10 1 1 0 1 0 1 2 1 0
11 20 0
12 0 0
12 1 6 0.5 2 1 10 1 1 3 0 3 3 3
12 4 0
12 6 8 10 1 1
12 7 0
12 9 0
12 11 0
12 13 7 10 3
12 14 0
12 15 0
12 19 0
12 20 0
13 0 0
13 1 6 0.5 2 1 10 1 1 1 0 3 1 3
13 4 0
13 7 0
13 8 3 0 0
13 9 0
13 11 7 10 3
13 12 3 2 0
13 13 7 10 3
13 14 3 2 0
13 15 7 10 3
13 19 0
14 0 0
14 4 0
14 7 0
14 8 0
14 9 0
14 11 7 10 3
14 12 7 10 3
14 13 7 10 3
14 15 7 10 3
14 19 0
15 0 0
15 2 8 10 1 1
15 3 3 1 0
15 4 0
15 5 3 2 0
15 15 7 10 3
15 19 0
16 0 0
16 1 0
16 2 0
16 3 0
16 4 0
16 5 7 10 3
16 6 7 10 3
16 8 2
16 15 7 10 3
16 16 6 0.5 2 1 10 1 1 0 0 3 0 2
16 19 0
17 0 0
17 1 0
17 2 0
17 3 0
17 4 0
17 5 0
17 6 0
17 12 7 10 3
17 13 7 10 3
17 14 7 10 3
17 15 3 2 0 7 10 3
17 17 3 0 0 7 10 3
17 18 0
17 19 0
18 0 8 10 1 1
18 4 8 10 1 1
18 8 0
18 10 0
18 11 6 0.5 2 1 10 1 1 3 0 3 3 1
18 12 0
18 17 3 1 0 7 10 3
18 18 0
19 0 6 0.5 2 1 10 1 1 0 0 3 0 1
19 2 8 10 1 1
19 8 0
19 10 0
19 11 10 10 0.5 3 0.5 1 10 1 1 0 0 0 1 2 3 0
19 12 0
19 16 3 2 0 7 10 3
19 17 0 7 10 3
19 18 0
20 1 0
20 2 0
20 4 0
20 5 0
20 6 0
20 7 0
20 8 0
20 10 0
20 11 0
20 12 0
20 16 7 10 3
20 17 0
21 2 0
21 4 0
21 5 8 10 1 1
21 16 7 10 3
21 17 0
22 1 8 10 1 1
22 2 0
22 4 0
22 5 0
22 6 0
22 7 0
22 8 0
22 9 0
22 11 7 10 3
22 12 7 10 3
22 13 7 10 3
22 14 7 10 3
22 15 0 7 10 3
22 16 7 10 3
22 17 0
23 2 0
23 3 6 0.5 2 1 10 1 1 3 0 3 3 1
23 12 2
23 13 7 10 3
23 14 0
23 15 0
23 16 0
23 17 0
23 18 0
24 0 8 10 1 1
24 2 0
24 3 0
24 4 0
24 5 0
24 6 0
24 7 0
24 8 0
24 10 0
24 11 7 10 3
24 12 7 10 3
24 13 7 10 3
24 14 0
25 0 6 0.5 2 1 10 1 1 0 2 3 0 1
25 9 6 0.5 2 1 10 1 1 3 1 3 3 3
25 10 0
25 14 0
26 0 0
26 1 0
26 2 0
26 3 0
26 4 0
26 5 0
26 6 0
26 8 0
26 10 0
26 14 0
27 0 0
27 5 3 2 0
27 6 0
27 7 3 0 0
27 8 0
27 9 0
27 10 0
27 14 0
28 0 0
28 1 3 1 0
28 2 8 10 1 1
28 12 8 10 1 1
28 14 0
29 0 0
29 1 0
29 2 0
29 3 0
29 4 0
29 5 0
29 6 0
29 8 0
29 9 0
29 10 0
29 11 0
29 12 0
29 13 0
29 14 0
30 4 0
30 6 7 10 3
30 7 6 0.5 2 1 10 1 1 3 2 3 3 3
30 8 0
31 4 0
31 5 2
31 6 7 10 3
31 7 0
31 8 0
32 4 0
32 5 0
32 6 0
32 7 0
