15
17
0 1
0 0 9 midnightfeast
0 0 0
0 1 0
0 2 0
0 3 0
0 4 0
0 5 0
0 6 0
0 7 0
0 8 0
0 9 0
0 10 0
0 11 0
0 12 0
0 13 0
0 14 0
0 15 0
0 16 0
1 0 0
1 12 0
1 16 0
2 0 0
2 12 7 1 3
2 16 0
3 0 0
3 3 0
3 4 0
3 5 0
3 6 0
3 7 0
3 8 0
3 9 0
3 10 0
3 11 0
3 12 0
3 14 6 1 2 1 10 1 1 1 2 3 1 3
3 16 0
4 0 0
4 3 0
4 12 7 1 3
4 16 0
5 0 0
5 3 0
5 5 0
5 6 0
5 7 0
5 8 0
5 9 0
5 10 0
5 12 0
5 13 3 2 Infinity
5 15 3 2 Infinity
5 16 0
6 0 0
6 3 0
6 5 0
6 6 2
6 7 2
6 8 2
6 9 2
6 10 0
6 12 0
6 13 7 1 3
6 14 3 2 Infinity 7 1 3
6 15 7 1 3
6 16 0
7 0 0
7 3 0
7 4 6 1 2 1 10 1 1 1 1 3 1 1
7 5 0
7 6 2
7 7 5 15
7 8 3 0 Infinity
7 9 3 1 Infinity
7 10 3 1 Infinity 7 1 3
7 11 6 1 2 1 10 1 1 3 1 3 3 1
7 12 0
7 15 6 1 2 1 10 1 1 1 2 3 1 3
7 16 0
8 0 0
8 3 0
8 5 0
8 6 2
8 7 2
8 8 2
8 9 2
8 10 0
8 12 0
8 14 3 2 Infinity
8 16 0
9 0 0
9 3 0
9 5 0
9 6 0
9 7 0
9 8 0
9 9 0
9 10 0
9 12 0
9 13 6 1 2 1 10 1 1 1 2 3 1 3
9 16 0
10 0 0
10 3 0
10 12 0
10 13 7 1 3
10 14 3 2 Infinity 7 1 3
10 15 7 1 3
10 16 0
11 0 0
11 3 0
11 4 0
11 5 0
11 6 0
11 7 0
11 8 0
11 9 0
11 10 0
11 11 0
11 12 0
11 15 6 1 2 1 10 1 1 1 2 3 1 2
11 16 0
12 0 0
12 12 0
12 14 3 0 Infinity 8 5 1 1
12 16 0
13 0 0
13 12 0
13 15 3 2 Infinity
13 16 0
14 0 0
14 1 0
14 2 0
14 3 0
14 4 0
14 5 0
14 6 0
14 7 0
14 8 0
14 9 0
14 10 0
14 11 0
14 12 0
14 13 0
14 14 0
14 15 0
14 16 0
