12
15
0 1
0 0 9 
0 0 0
0 1 0
0 2 0
0 3 0
0 4 0
0 5 0
0 6 0
0 7 0
0 8 0
0 9 0
0 10 0
0 11 0
0 12 0
0 13 0
0 14 0
1 0 0
1 2 6 0.25 2 1 1 2 2 1 1 0 1 3
1 4 6 0.25 2 1 1 2 2 1 1 0 1 3
1 6 6 0.25 2 1 1 2 2 1 1 0 1 3
1 10 0
1 13 6 0.5 2 1 10 6 6 1 0 1 1 2
1 14 0
2 0 0
2 9 6 0.25 2 1 1 2 2 2 1 0 2 3
2 10 0
2 14 0
3 0 0
3 1 6 0.25 2 1 1 2 2 0 1 0 0 3
3 10 7 1 3
3 11 3 0 Infinity
3 14 0
4 0 0
4 9 6 0.25 2 1 1 2 2 2 1 0 2 3
4 10 7 1 3
4 11 3 1 Infinity
4 14 0
5 0 0
5 1 6 0.25 2 1 1 2 2 0 1 0 0 3
5 10 0
5 11 0
5 12 0
5 13 0
5 14 0
6 0 0
6 9 6 0.25 2 1 1 2 2 2 1 0 2 3
6 10 0
6 13 6 0.5 2 1 10 6 6 1 0 1 1 2
6 14 0
7 0 0
7 1 6 0.25 2 1 1 2 2 0 1 0 0 3
7 10 7 1 3
7 11 3 1 Infinity
7 14 0
8 0 0
8 10 7 1 3
8 11 3 0 Infinity
8 14 0
9 0 0
9 1 6 0.25 2 1 1 2 2 0 1 0 0 3
9 10 0
9 14 0
10 0 0
10 3 6 0.25 2 1 1 2 2 3 1 0 3 3
10 5 6 0.25 2 1 1 2 2 3 1 0 3 3
10 7 0
10 8 5 10
10 9 3 0 Infinity
10 10 0
10 14 0
11 0 0
11 1 0
11 2 0
11 3 0
11 4 0
11 5 0
11 6 0
11 7 0
11 8 0
11 9 0
11 10 0
11 11 0
11 12 0
11 13 0
11 14 0
